1493818386218 -0.34424186 -0.6546794 0.67297286 0.938758 -0.22840168 0.25800434 -0.015201994 0.7205745 0.6932109
1493818386422 -0.35936472 -0.6584588 0.66127837 0.93293756 -0.23678033 0.2712243 -0.02201232 0.71439976 0.6993914
1493818386610 -0.35995823 -0.65113854 0.668168 0.9324443 -0.2270797 0.28103808 -0.031267323 0.72419155 0.68888974
1493818386812 -0.34291413 -0.6637668 0.664698 0.9388604 -0.21894899 0.26571083 -0.030835072 0.71517473 0.6982652
1493818387008 -0.38538337 -0.65549976 0.6494611 0.92247355 -0.2562513 0.2887522 -0.022851741 0.71039104 0.7034362
1493818387220 -0.34951347 -0.6648101 0.66020286 0.9363774 -0.22362654 0.270534 -0.032214884 0.7127543 0.7006737
1493818387409 -0.36723423 -0.64454395 0.6705983 0.9296354 -0.23087129 0.28718716 -0.03028285 0.7288769 0.6839747
1493818387616 -0.39514312 -0.66043466 0.6385044 0.9184996 -0.27281776 0.2862322 -0.014842338 0.6995688 0.71441114
1493818387817 -0.38374695 -0.6565105 0.6494092 0.92248285 -0.24055699 0.3019234 -0.04199595 0.714931 0.69793266
1493818388019 -0.33641723 -0.6745596 0.6571093 0.9414349 -0.22395204 0.25208274 -0.022883885 0.7034307 0.7103954
1493818388217 -0.42687324 -0.65713316 0.62125295 0.90313363 -0.27473858 0.32995215 -0.046140343 0.70192224 0.7107576
1493818388418 -0.3917361 -0.6528912 0.6482869 0.92002374 -0.27032956 0.2836872 -0.009965772 0.70756984 0.70657325
1493818388619 -0.42607647 -0.7148754 0.55444765 0.9018673 -0.3839841 0.19796932 0.071375646 0.5843881 0.80832916
1493818388812 -0.38353625 -0.672638 0.63281757 0.9095918 -0.39370993 0.1327984 0.15982129 0.62653863 0.762828
1493818389020 -0.5037123 -0.576106 0.64372027 0.854332 -0.4426439 0.2723663 0.12802702 0.68714505 0.71515095
1493818389214 -0.6188165 -0.4383873 0.65183026 0.77948344 -0.44549093 0.44039014 0.09732301 0.7806116 0.6173928
1493818389426 -0.4498808 -0.6754868 0.58423007 0.883467 -0.4323663 0.18040344 0.13074125 0.5973081 0.79128367
1493818389615 -0.29673404 -0.64272636 0.7062944 0.93874955 -0.33202153 0.092256054 0.17520955 0.690409 0.7018811
1493818389822 -0.34430668 -0.46649906 0.81475854 0.92101055 -0.33622938 0.19669557 0.18218747 0.8181249 0.5454166
1493818390020 -0.34378606 -0.72050405 0.6022333 0.8874433 -0.4589542 -0.04248804 0.30701035 0.5198412 0.79718864
1493818390229 -0.4252098 -0.69901085 0.57496136 0.88696545 -0.4483227 0.110901296 0.18024701 0.5571271 0.8106296
1493818390420 -0.6323432 -0.59019613 0.5018074 0.76213175 -0.5900951 0.2663511 0.13891469 0.55086863 0.8229498
1493818390630 -0.25581488 -0.7085263 0.6576848 0.9136168 -0.3995794 -0.07510549 0.3160115 0.5816587 0.7495398
1493818390847 -0.42134434 -0.63803506 0.6445 0.85772145 -0.5112001 0.054666445 0.2945893 0.5758349 0.76264757
1493818391045 -0.31485006 -0.42263517 0.84985226 0.76565427 -0.6422585 -0.035741195 0.5609304 0.63943994 0.5258076
1493818391226 -0.7846469 -0.21860011 0.58012354 0.44727272 -0.8475808 0.28557694 0.42927435 0.48355043 0.7628255
1493818391424 -0.6615994 -0.36032674 0.65760994 0.5989442 -0.7815871 0.17431968 0.4511675 0.50920147 0.7329132
1493818391622 -0.34510875 -0.5052823 0.7909423 0.631232 -0.748607 -0.20281397 0.69458324 0.42927524 0.5773012
1493818391828 -0.61670035 -0.24034734 0.7496092 0.40231058 -0.91472715 0.037690103 0.676629 0.32481915 0.66080683
1493818392028 -0.79117733 0.050141595 0.60952777 0.07886396 -0.9799482 0.18298025 0.60648066 0.19283964 0.77135855
1493818392239 -0.5566684 -0.30677095 0.77201796 0.5147407 -0.85679615 0.030698419 0.65204465 0.41447794 0.63485897
1493818392441 -0.6204806 -0.043387372 0.7830206 0.21049802 -0.97104186 0.112996995 0.75544316 0.23493674 0.6116457
1493818392632 -0.6944257 0.025450872 0.71911424 0.11877663 -0.9816109 0.14943995 0.7096937 0.18918888 0.6786328
1493818392844 -0.51016146 -0.35573515 0.7830632 0.33738548 -0.9202535 -0.19825406 0.79114246 0.16305254 0.5894976
1493818393039 -0.58811253 -0.22617963 0.7765092 0.32233682 -0.9461026 -0.03144692 0.74176997 0.23180315 0.6293208
1493818393233 -0.5853723 -0.2889565 0.75752455 0.28481323 -0.94807386 -0.1415536 0.75909203 0.13289145 0.6372748
1493818393443 -0.70161605 0.16402382 0.6934199 -0.0055660084 -0.9743774 0.22485065 0.7125335 0.15389925 0.68455184
1493818393632 -0.6377588 -0.07710002 0.7663676 0.16935816 -0.98466456 0.041875456 0.7513864 0.15649705 0.641036
1493818393843 -0.68866765 0.12039044 0.71501267 0.03637693 -0.97914094 0.19989972 0.7241641 0.16367441 0.6699232
1493818394044 -0.6094103 -0.19465944 0.7685875 0.24550997 -0.9680767 -0.05051993 0.7538859 0.15790854 0.63774675
1493818394244 -0.66541785 0.04205769 0.7452853 0.07213506 -0.9901159 0.1202787 0.7429776 0.1337968 0.65580696
1493818394438 -0.66146976 -0.089071006 0.7446638 0.20368409 -0.97693765 0.06407462 0.72178286 0.19405958 0.66435707
1493818394631 -0.7052825 -0.039967414 0.7077989 0.15721333 -0.98236763 0.101182856 0.69127464 0.1826379 0.69913
1493818394840 -0.7306389 0.16432646 0.6626942 -0.006050214 -0.9721252 0.23438469 0.6827373 0.16724113 0.7112667
1493818395033 -0.7068568 0.11605813 0.6977708 0.042437896 -0.97771335 0.20561066 0.7060825 0.17494921 0.6861781
1493818395241 -0.6776175 -0.06856881 0.73221093 0.22902349 -0.96580803 0.12150326 0.69884384 0.25002623 0.6701523
1493818395436 -0.628265 -0.21635555 0.7473107 0.3301432 -0.94392115 0.004275143 0.7044775 0.24940552 0.66446096
1493818395644 -0.7484603 0.09296367 0.65663147 0.094106644 -0.96521866 0.24391972 0.6564687 0.24435762 0.7136794
1493818395838 -0.7046036 0.018190805 0.70936793 0.15568353 -0.9713524 0.17954695 0.6923123 0.23694633 0.6815864
1493818396040 -0.7080272 0.08237695 0.70136416 0.06904186 -0.98034036 0.18484116 0.7028021 0.17929603 0.68842006
1493818396242 -0.6475709 -0.09636432 0.7558873 0.20562208 -0.9772717 0.05156952 0.7337379 0.18882206 0.6526675
1493818396446 -0.68831235 0.051258083 0.7236012 0.09296094 -0.9830432 0.1580637 0.7194333 0.17606385 0.67187583
1493818396643 -0.6846983 0.029990407 0.72820944 0.13771713 -0.9758299 0.16967677 0.71569717 0.21646427 0.66401875
1493818396848 -0.7017873 0.13754386 0.69898236 0.06649565 -0.9642527 0.25650552 0.7092763 0.2264916 0.6675542
1493818397044 -0.7118546 0.15506952 0.6849938 0.049814515 -0.9617162 0.26948208 0.7005581 0.22595465 0.67687726
1493818397250 -0.7083629 0.12987392 0.6937974 0.06737385 -0.9659981 0.24961624 0.7026256 0.22356267 0.6755271
1493818397458 -0.70123553 0.17690736 0.690632 0.023194112 -0.96255004 0.27011016 0.7125523 0.20542943 0.670871
1493818397652 -0.6770642 0.15392041 0.7196476 0.057962738 -0.9636917 0.26065025 0.7336378 0.21818967 0.64355946
1493818397853 -0.6869531 0.081457466 0.722122 0.09844026 -0.97410774 0.2035282 0.7200034 0.21090019 0.6611476
1493818398055 -0.6602223 -0.04689543 0.7496047 0.16922258 -0.98167425 0.08763082 0.73175824 0.18470588 0.65605915
1493818398254 -0.66311854 0.05017046 0.74683106 0.13142122 -0.9744482 0.18215147 0.73688686 0.21893749 0.63958126
1493818398458 -0.65973014 -0.004064612 0.75149167 0.15679732 -0.9787216 0.13235782 0.7349631 0.2051523 0.64632934
1493818398651 -0.69082373 0.11840559 0.713262 0.061318226 -0.97335076 0.22097105 0.72041833 0.196388 0.6651534
1493818398844 -0.65820193 -0.06049105 0.7504073 0.18317239 -0.97968066 0.08169232 0.7302178 0.19122393 0.655908
1493818399054 -0.6817512 0.12379381 0.7210342 0.054759033 -0.9741799 0.21903187 0.7295319 0.18880838 0.6573695
1493818399246 -0.65184265 -0.09637396 0.75220543 0.19765401 -0.97920007 0.045825154 0.73214346 0.17854725 0.65733314
1493818399456 -0.6775864 0.123623036 0.72497874 0.054284617 -0.9746751 0.21693714 0.7334371 0.18634883 0.65371567
1493818399649 -0.6803677 0.277672 0.6782316 -0.059632197 -0.9433511 0.32639346 0.7304408 0.18162312 0.6583838
1493818399857 -0.68218035 0.19772398 0.7039426 -0.0010834336 -0.96301585 0.26944277 0.73118323 0.18304586 0.6571647
1493818400050 -0.6703277 0.015919428 0.7418943 0.13039513 -0.98168683 0.13888146 0.7305189 0.18983552 0.6559761
1493818400249 -0.6813822 0.17063946 0.7117587 0.014028691 -0.9692204 0.24579419 0.7317933 0.17746484 0.6580157
1493818400454 -0.685196 0.18346798 0.70487297 0.01161287 -0.9648803 0.26243272 0.72826606 0.18800347 0.6590016
1493818400651 -0.670378 0.12725364 0.73102653 0.052050978 -0.9746932 0.21740262 0.74019194 0.18379258 0.64678913
1493818400858 -0.6775042 0.056977756 0.73330873 0.09592426 -0.98163515 0.16489707 0.729237 0.18206054 0.6595963
1493818401052 -0.66503316 -0.02666205 0.7463377 0.14802086 -0.98424196 0.09673485 0.73199785 0.17480545 0.6585001
1493818401258 -0.68151087 0.17332342 0.71098673 0.016033798 -0.96777844 0.25129282 0.7316324 0.18265857 0.6567723
1493818401454 -0.6655737 0.03170189 0.7456585 0.114981756 -0.9828137 0.14441717 0.7374217 0.18185739 0.65048987
1493818401709 -0.68261176 0.12233602 0.72046876 0.05608706 -0.97421014 0.21856144 0.72862583 0.18960154 0.65814567
1493818401857 -0.69303834 0.15801007 0.70337087 0.022749119 -0.9704039 0.24041316 0.72054166 0.18261662 0.6689326
1493818402056 -0.65091455 -0.107177004 0.7515473 0.21293612 -0.9760185 0.04523532 0.72867596 0.18947591 0.6581264
1493818402259 -0.6707684 0.02645961 0.7411948 0.115810916 -0.98336804 0.13991171 0.7325692 0.17968678 0.65654784
1493818402459 -0.6692531 -0.045900974 0.7416154 0.16502911 -0.9823438 0.08812614 0.72447616 0.1813668 0.6650116
1493818402672 -0.67401236 0.060139045 0.73626804 0.0986941 -0.98041475 0.17043011 0.7320975 0.18753731 0.6548763
1493818402861 -0.68108976 0.12118823 0.72210103 0.04599967 -0.9771774 0.20738414 0.7307535 0.17446366 0.65997106
1493818403063 -0.67686284 0.0965431 0.72975075 0.06259309 -0.9802231 0.1877363 0.7334432 0.17274907 0.65743357
1493818403259 -0.6734058 0.120234944 0.72943 0.038173325 -0.97971404 0.19673169 0.73828685 0.16032502 0.6551553
1493818403462 -0.67267644 0.20548195 0.710833 -0.011536218 -0.9634629 0.2675932 0.73984677 0.17180334 0.6504693
1493818403666 -0.666699 0.07520445 0.74152327 0.07258132 -0.9836168 0.16501471 0.7417846 0.16383588 0.6503179
1493818403882 -0.6742169 0.14446974 0.7242652 0.024836272 -0.97569036 0.21774173 0.7381156 0.1647932 0.6542388
1493818404062 -0.6488119 -0.10357068 0.75386745 0.18776312 -0.9818511 0.026704915 0.73741984 0.158875 0.65648353
1493818404269 -0.6787311 0.12301764 0.7240102 0.032395788 -0.97989523 0.1968652 0.733672 0.15707341 0.6611001
1493818404473 -0.66521454 0.05031481 0.74495506 0.082510084 -0.9866625 0.14031807 0.7420793 0.15480793 0.6521908
1493818404670 -0.6829563 0.10615599 0.72270435 0.046145476 -0.9811372 0.187724 0.7290002 0.16155683 0.66517526
1493818404875 -0.6737781 0.0812491 0.73445326 0.0659917 -0.9833487 0.16932318 0.73598105 0.16255409 0.6571972
1493818405082 -0.6579763 -0.07305481 0.74948657 0.17053166 -0.9838819 0.053808156 0.7334753 0.16321568 0.6598292
1493818405279 -0.6792111 0.13344279 0.7217099 0.09150942 -0.9602622 0.2636714 0.7282159 0.24513182 0.64000946
1493818405484 -0.6891648 0.6818899 0.2451081 -0.40570801 -0.64339083 0.6491912 0.6003773 0.34795737 0.7200505
1493818405682 -0.39925155 0.8935571 -0.20531408 -0.6955771 -0.14931665 0.70276374 0.59730273 0.42339134 0.6811528
1493818405873 -0.4904068 0.8712356 -0.021205207 -0.5640682 -0.2987705 0.7697814 0.66432554 0.38946718 0.63795537
1493818406084 -0.57608986 0.815222 -0.059443075 -0.555953 -0.33748454 0.75961864 0.59919673 0.4706562 0.6476466
1493818406281 -0.27841422 0.9543342 -0.108313456 -0.5993529 -0.08450877 0.79601145 0.7505075 0.28653887 0.5955114
1493818406485 -0.045478743 0.9607687 -0.27359682 -0.63095415 0.18470967 0.75351125 0.77448595 0.20689577 0.5978006
1493818406678 -0.043732077 0.910702 -0.41074252 -0.7204343 0.2560897 0.64450955 0.692143 0.32409874 0.6449016
1493818406874 0.018464299 0.7060146 -0.7079566 -0.36504996 0.66395456 0.6526124 0.9308048 0.2463895 0.26999003
1493818407087 0.18008225 0.51619595 -0.83732444 -0.57535535 0.74571145 0.33597723 0.7978324 0.42125553 0.43128544
1493818407279 0.40626314 0.12852934 -0.90467143 -0.29124308 0.9566353 0.005122721 0.8660991 0.26139814 0.42607895
1493818407486 0.42829537 0.86454844 -0.26290518 -0.71265316 0.5020459 0.48997504 0.5555976 -0.02249383 0.8311471
1493818407677 0.47879687 0.27754045 -0.83290154 -0.4585412 0.88808465 0.032334328 0.7486611 0.36643806 0.5524758
1493818407888 0.38297087 0.6679528 -0.6381007 -0.44030887 0.7392396 0.5095617 0.8120724 0.085814096 0.5772127
1493818408080 0.5074317 0.6460716 -0.5701794 -0.6342159 0.7279695 0.2604429 0.58333796 0.22945987 0.7791437
1493818408285 0.4683828 0.26374328 -0.843242 -0.1900335 0.9621409 0.19537662 0.86284685 0.06873318 0.5007703
1493818408486 0.084268354 0.1402988 -0.98651665 -0.0081014065 0.9901018 0.14011665 0.99641013 -0.003815227 0.08457087
1493818408677 -0.0023173643 -0.23556897 -0.9718548 -0.05710119 0.9703029 -0.23505665 0.9983657 0.05494936 -0.015699819
1493818408883 0.4078618 -0.3200992 -0.85509366 0.31078663 0.9292787 -0.19963118 0.8585222 -0.18432976 0.47849986
1493818409086 -0.630136 -0.61492187 -0.47413057 0.058160126 0.57151854 -0.8185257 0.7743037 -0.5433579 -0.32437044
1493818409285 -0.22988877 -0.7504088 -0.6197078 0.35245195 0.5293441 -0.7717334 0.90715426 -0.39583007 0.14279279
1493818409483 -0.44161573 -0.7313298 -0.5197426 0.3855906 0.36836055 -0.8459494 0.8101206 -0.5739924 0.11932009
1493818409699 -0.20593971 -0.776614 -0.595365 0.4197319 0.47949433 -0.7706558 0.8839763 -0.4086023 0.22722276
1493818409882 -0.094261944 -0.97619975 -0.19531685 -0.20428847 0.21098223 -0.95590407 0.9743618 -0.0502044 -0.21931396
1493818410088 -0.061111946 -0.99235326 -0.10723936 -0.1626604 0.11590535 -0.9798507 0.9847877 -0.042436987 -0.1684998
1493818410298 0.16107297 -0.9240933 -0.34656462 -0.0264522 0.34698144 -0.9374989 0.986588 0.16017315 0.031445034
1493818410489 0.11925771 -0.97306246 -0.19729947 0.05594535 0.2049878 -0.9771644 0.9912859 0.1054964 0.07888469
1493818410687 0.112547845 -0.99350363 -0.016837196 -0.019485718 0.014734818 -0.99970144 0.9934552 0.112842344 -0.01770076
1493818410891 -0.042716645 -0.93385804 0.3550835 0.0996871 -0.3576182 -0.9285319 0.99410146 -0.00426653 0.108369865
1493818411086 0.16742393 -0.9347043 0.31352344 3.1057E-4 -0.31796217 -0.9481033 0.98588496 0.15883256 -0.05294419
1493818411300 0.10544971 -0.8621874 0.49549288 0.15373802 -0.47814566 -0.86472034 0.98246884 0.16736062 0.08213068
1493818411490 0.21342556 -0.93125904 0.2953068 0.13500613 -0.27125758 -0.9529913 0.96758604 0.24326095 0.06783238
1493818411704 0.095639326 -0.8437844 0.5280918 0.12265264 -0.51649153 -0.84746236 0.9878306 0.1458226 0.054095484
1493818411893 -0.12245323 -0.81159735 0.5712399 0.08371734 -0.5819668 -0.80889183 0.9889371 -0.05122872 0.13920848
1493818412098 -0.041648448 -0.9037141 0.42610586 0.013413298 -0.42694324 -0.90417904 0.9990424 -0.03194217 0.02990331
1493818412292 0.054309554 -0.9584784 0.2799458 -0.014860126 -0.28110433 -0.9595621 0.99841356 0.04795336 -0.02950976
1493818412488 0.08074101 -0.99300575 0.08614338 -0.008551162 -0.08711247 -0.99616194 0.9966985 0.07969448 -0.015524899
1493818412696 0.07619035 -0.9063816 0.41553265 0.06874229 -0.41097754 -0.9090501 0.9947209 0.09782551 0.030994223
1493818412890 -0.09746737 -0.6393369 0.7627244 -0.022673573 -0.764748 -0.64393055 0.99498045 -0.08005591 0.060041927
1493818413098 0.04332579 -0.79355836 0.60694975 -0.05114819 -0.6084854 -0.791915 0.9977508 0.0032659601 -0.066952184
1493818413301 0.23262455 -0.8980174 0.37343073 -0.0092454925 -0.3859887 -0.92245716 0.9725227 0.21113366 -0.09809307
1493818413502 0.07223205 -0.7233364 0.6867073 0.116892666 -0.6776215 -0.7260614 0.99051434 0.13271597 0.035606723
1493818413695 0.09730955 -0.8289987 0.5507195 0.07913933 -0.54514825 -0.83459586 0.9921027 0.124797724 0.012558262
1493818413911 0.084221974 -0.6970249 0.7120836 -0.05433713 -0.71677196 -0.6951874 0.9949644 0.019857483 -0.09824228
1493818414124 -0.033354778 -0.67741275 0.7348465 -0.047644503 -0.73334193 -0.6781884 0.9983073 -0.057632223 -0.007814539
1493818414301 0.05695933 -0.769883 0.6356381 -0.049799852 -0.63807017 -0.76836604 0.9971337 0.0121109355 -0.074684106
1493818414496 0.06579122 -0.9194105 0.38775727 -0.026691176 -0.3900817 -0.9203933 0.9974764 0.050204106 -0.050204106
1493818414701 -0.020338474 -0.94436705 0.32826373 -0.049114417 -0.32699147 -0.94375 0.998586 -0.03531692 -0.039731536
1493818414899 0.03630045 -0.9087232 0.41581804 0.17537832 -0.40384185 -0.897861 0.98383164 0.10551821 0.14471067
1493818415101 -0.082122386 -0.9006939 0.42662206 -0.03606893 -0.42510155 -0.90442675 0.9959694 -0.08966149 0.0024232834
1493818415300 -0.02818591 -0.962651 0.26927426 -0.15771857 -0.26172423 -0.95216876 0.98708177 -0.0693073 -0.14445099
1493818415499 0.10038933 -0.9869781 0.1256824 -0.19289556 -0.14323083 -0.970709 0.9760703 0.07320527 -0.20476258
1493818415701 -0.016530557 -0.9730768 0.22988747 -0.20092142 -0.22199611 -0.95412165 0.9794678 -0.061961476 -0.19184226
1493818415925 0.013273003 -0.9992353 0.03677993 -0.11878886 -0.038098436 -0.99218833 0.99283075 0.008800273 -0.119203694
1493818416104 -0.098600976 -0.9438817 0.31522262 0.042664938 -0.32048464 -0.9462924 0.99421203 -0.07985639 0.071870744
1493818416304 -0.17672753 -0.92100275 0.34716192 -0.115550905 -0.33086044 -0.93657845 0.9774534 -0.20563407 -0.047950547
1493818416522 0.09375169 -0.9948069 -0.03962273 -0.042713225 0.03574241 -0.99844795 0.99467903 0.09529859 -0.039140493
1493818416713 0.005403608 -0.99668425 -0.0811868 -0.041355062 0.0808958 -0.9958642 0.9991299 0.008738745 -0.040780813
1493818416923 0.08331273 -0.9880894 -0.1293764 -0.021897277 0.12798122 -0.9915348 0.9962829 0.085440464 -0.010974005
1493818417115 0.050019003 -0.95716274 0.2851976 0.050598763 -0.2827598 -0.9578553 0.9974657 0.062341608 0.034287885
1493818417309 -0.11076506 -0.9274492 0.35716796 0.04087484 -0.36332646 -0.93076473 0.99300563 -0.088497035 0.07815322
1493818417518 0.010057762 -0.9987387 0.049192905 -0.08737591 -0.049885012 -0.9949257 0.9961247 0.0057084505 -0.08776742
1493818417713 0.029631546 -0.9886832 0.14706257 -0.11601859 -0.14953466 -0.9819262 0.99280494 0.012033998 -0.11913659
1493818417923 -0.026349774 -0.9930747 0.114491135 0.008139877 -0.11474025 -0.99336207 0.9996196 -0.025242921 0.011106885
1493818418113 -7.683334E-4 -0.91201174 0.41016355 -3.4554626E-4 -0.4101634 -0.9120121 0.99999964 -8.424597E-4 0.0
1493818418327 -0.08730595 -0.8677156 0.48933363 0.04360596 -0.49406725 -0.8683295 0.9952267 -0.05447247 0.08097258
1493818418515 -0.048306312 -0.9535266 0.29741117 -0.02388417 -0.29657093 -0.9547121 0.99854696 -0.053222045 -0.008447943
1493818418727 0.1825209 -0.9801722 0.07712638 -0.09724718 -0.0960567 -0.990614 0.97838086 0.17330742 -0.11285135
1493818418920 0.0012693938 -0.9256677 0.3783353 -0.0065789237 -0.37833515 -0.92564523 0.9999775 -0.0013140308 -0.0065701543
1493818419120 0.012950837 -0.93929434 0.34286773 -0.050289176 -0.34307438 -0.9379609 0.99865067 -0.005095157 -0.051679447
1493818419332 -0.01667393 -0.8766441 0.48085055 -0.004702055 -0.48084334 -0.876794 0.99985 -0.016880585 0.0038955193
1493818419518 -0.092586085 -0.9199246 0.38100734 -0.10160203 -0.37192515 -0.9226857 0.99050736 -0.12413896 -0.059031114
1493818419721 0.05340763 -0.967488 0.24721386 -0.0224942 -0.24866997 -0.968327 0.9983193 0.046155173 -0.035043743
1493818419919 -0.10777859 -0.8601363 0.4985473 -0.027936712 -0.49865013 -0.8663532 0.99378246 -0.10730209 0.029714424
1493818420124 0.008598401 -0.9453001 0.32608858 -0.078223385 -0.32573724 -0.94221896 0.9968989 -0.017406171 -0.07674539
1493818420333 0.06261026 -0.9670619 0.24672112 0.10471097 -0.23947681 -0.9652391 0.9925299 0.086268276 0.086268276
1493818420515 -0.351705 -0.87880665 0.32249412 0.08696302 -0.37368712 -0.92346925 0.9320628 -0.2967437 0.2078513
1493818420722 0.10586973 -0.9425589 -0.3168193 0.3842787 0.33263838 -0.86120945 0.9171268 -0.03057089 0.3974216
1493818420916 -0.14510837 -0.98556775 -0.08717681 0.47653574 0.0075994283 -0.87912226 0.867097 -0.16911085 0.4685555
1493818421125 -0.38592896 -0.91341966 -0.12931849 0.66817755 -0.18011189 -0.7218714 0.6360798 -0.3649988 0.6798369
1493818421319 -0.14632362 -0.9728949 -0.17906687 0.6564429 0.039923437 -0.7533186 0.74004877 -0.22777547 0.63280815
1493818421526 -0.4764722 -0.8281359 -0.29523727 0.7795367 -0.2426457 -0.57744735 0.4065669 -0.505286 0.7611764
1493818421732 -0.034575943 -0.92323864 -0.38266814 0.98142064 0.040940218 -0.18744999 0.18872759 -0.38203967 0.90466994
1493818421932 0.15910088 -0.9455139 -0.28406027 0.91063046 0.25168964 -0.32772604 0.3813646 -0.20653248 0.90105796
1493818422133 -0.5112106 -0.8055757 -0.29951856 0.77702713 -0.28428116 -0.56161636 0.36727706 -0.51983833 0.77128184
1493818422347 -0.09444232 -0.98570603 -0.13951415 0.6004437 0.0553813 -0.79774696 0.7940705 -0.1591115 0.5866307
1493818422536 -0.351375 -0.9316372 0.092669375 0.26355413 -0.19340599 -0.9450573 0.8983734 -0.3076461 0.3134949
1493818422734 -0.33997032 -0.93006444 0.13928498 0.08512624 -0.17793277 -0.9803537 0.9365755 -0.32143435 0.13966475
1493818422925 -0.033158682 -0.999341 0.014768744 0.046994153 -0.016319476 -0.99876183 0.9983446 -0.03242358 0.047504313
1493818423135 -0.08595465 -0.98966455 0.11478629 -0.01566529 -0.11385594 -0.9933738 0.99617594 -0.08718326 -0.005716935
1493818423330 -0.005461119 -0.97920614 -0.20279454 0.012867736 0.20271195 -0.97915393 0.9999023 -0.007956782 0.011493131
1493818423536 0.022220312 -0.9969229 -0.07517345 0.037126027 0.07596297 -0.99641925 0.9990635 0.019349853 0.038699705
1493818423727 -0.15102811 -0.97908646 0.1363094 -0.10947903 -0.12047634 -0.98666096 0.9824484 -0.16393656 -0.08899412
1493818423934 -0.08350447 -0.97535324 0.2042377 0.007287139 -0.20554574 -0.9786204 0.9964808 -0.08023087 0.024271522
1493818424130 -0.07042163 -0.9286777 0.36414093 -0.058520906 -0.36057222 -0.9308937 0.99579924 -0.08686491 -0.028954972
1493818424342 -0.12348694 -0.96869785 0.21534947 -0.026222073 -0.21374935 -0.97653645 0.9919997 -0.12623642 9.939877E-4
1493818424532 0.021174463 -0.99563396 0.09090988 0.01737204 -0.09055015 -0.9957403 0.99962485 0.02266356 0.015378843
1493818424730 0.11828618 -0.96143323 -0.24830312 -0.57825553 0.13658844 -0.8043407 0.8072353 0.23872507 -0.5397976
1493818424936 -0.104348935 -0.9741906 -0.20015992 -0.111897364 0.21148095 -0.9709555 0.98822576 -0.07892081 -0.13107717
1493818425139 0.015671922 -0.9918468 -0.12646843 -0.08365035 0.12473996 -0.9886569 0.9963719 0.026073284 -0.08101342
1493818425335 -0.36893862 -0.863239 0.34453258 0.07065142 -0.39565697 -0.91567683 0.92676467 -0.31348687 0.20696223
1493818425532 0.053273074 -0.96714884 -0.24856605 0.06749406 0.25183767 -0.96541303 0.9962964 0.03465379 0.07869297
1493818425745 -0.16580693 -0.90408856 0.39386788 -0.14026123 -0.37371573 -0.916877 0.97613263 -0.20726895 -0.06484392
1493818425936 -0.1564246 -0.9619736 0.2239158 -0.06619372 -0.21598646 -0.97415006 0.9854693 -0.16720285 -0.02989101
1493818426137 0.013815352 -0.9998993 0.0032128987 -0.097002186 -0.00453829 -0.9952738 0.99518836 0.013438403 -0.09705513
1493818426335 -0.2514245 -0.95409936 0.16272667 0.2674873 -0.2300752 -0.9356901 0.93018085 -0.1917281 0.31305605
1493818426538 0.08921438 -0.8769556 -0.47221774 0.27550778 0.4773374 -0.8344127 0.9571501 -0.05565807 0.28419346
1493818426738 0.4256597 -0.70602417 -0.5659892 0.5128048 0.7035599 -0.49197042 0.7455502 -0.08082998 0.6615296
1493818426935 -0.011456452 -0.89349 -0.44893688 0.4667266 0.39228117 -0.79264224 0.8843274 -0.21861166 0.41252142
1493818427143 -0.03720481 -0.9231696 -0.38258812 0.39933467 0.3372209 -0.85253376 0.91604996 -0.18449907 0.35610738
1493818427337 -0.14915253 -0.9605884 -0.23457052 0.10605175 0.22031555 -0.96964633 0.98311067 -0.16950184 0.069011465
1493818427541 -0.17697598 -0.9814939 -0.07313873 -0.09777445 0.09147676 -0.9909955 0.9793466 -0.16823132 -0.112154216
1493818427745 -0.085415535 -0.9933916 0.07666358 0.06863019 -0.08262817 -0.9942145 0.9939789 -0.07965993 0.07523438
1493818427941 -0.11197138 -0.98731995 -0.112524614 -0.023927663 0.1158827 -0.99297464 0.9934233 -0.10849228 -0.036599804
1493818428143 -0.010472149 -0.9757464 -0.21865356 0.11700863 0.2159676 -0.9693643 0.99307567 -0.035735674 0.1119091
1493818428343 0.077885225 -0.9569932 -0.27946007 0.06647405 0.28467268 -0.95631725 0.9947437 0.055906136 0.085787006
1493818428548 -0.13665867 -0.98892397 0.057911623 0.1739966 -0.08151353 -0.9813667 0.9752177 -0.12403586 0.18320894
1493818428747 0.14322555 -0.98873633 -0.043439172 -0.0410114 0.037924644 -0.9984388 0.98884004 0.14478344 -0.035117682
1493818428953 -0.058420762 -0.955644 0.28867185 0.14349769 -0.29420158 -0.9449094 0.9879248 -0.013778589 0.15432021
1493818429163 -0.13710539 -0.88620424 0.4425429 0.020959456 -0.44925734 -0.8931566 0.99033475 -0.113181114 0.08016995
1493818429355 0.12815294 -0.97804815 0.16431221 0.0709521 -0.1562122 -0.9851718 0.98921317 0.13791096 0.04937553
1493818429565 -0.14044169 -0.88308036 0.44771102 -0.008226436 -0.4511363 -0.8924171 0.9900547 -0.12901564 0.056093752
1493818429762 0.046288993 -0.9987382 -0.019471651 -0.069104105 0.016244264 -0.9974771 0.996535 0.047517788 -0.06826499
1493818429952 0.006077395 -0.994964 0.10004785 0.071035326 -0.09936739 -0.992512 0.9974553 0.013138819 0.0700737
1493818430163 -0.130269 -0.98949456 0.06269471 -0.14636868 -0.043348014 -0.98828 0.9806152 -0.13791879 -0.13918409
1493818430355 -0.020395732 -0.9893839 0.1438874 -0.0311545 -0.14321852 -0.9892007 0.9993065 -0.02465821 -0.027902713
1493818430565 -0.003282017 -0.90217376 0.4313602 -0.037298612 -0.4309519 -0.90160364 0.99929875 -0.019048218 -0.032235444
1493818430762 0.05163519 -0.9912431 0.121535316 -0.041770104 -0.1237348 -0.99143577 0.9977921 0.04611644 -0.047793403
1493818430951 0.099270776 -0.93903804 0.32917023 0.13122931 -0.31556004 -0.9397877 0.9863692 0.13649021 0.0919034
1493818431163 -0.11606864 -0.9152718 0.38575324 -0.10071704 -0.37553063 -0.9213213 0.98812157 -0.14578843 -0.048596144
1493818431351 0.010294386 -0.9667301 0.25559157 -0.049953967 -0.25578314 -0.96544266 0.99869835 -0.0028291738 -0.05092513
1493818431566 0.09669577 -0.96026975 0.26178634 -0.05665572 -0.26790276 -0.96177876 0.9937002 0.078168236 -0.08030982
1493818431759 -0.055100575 -0.8482924 0.52665347 -0.036682904 -0.52537894 -0.8500774 0.99780685 -0.066158935 -0.0021691453
1493818431966 -0.054937437 -0.70994705 0.702109 -0.036832348 -0.7012514 -0.71196187 0.9978102 -0.06497369 0.012375941
1493818432155 -0.07571484 -0.7901813 0.6081783 0.035830468 -0.6116913 -0.7902848 0.9964856 -0.03804497 0.07462667
1493818432365 -0.13234052 -0.7206409 0.6805606 -0.019072954 -0.68462116 -0.7286495 0.9910208 -0.10941015 0.07685837
1493818432557 0.074255206 -0.8428867 0.53294295 -0.052487478 -0.536981 -0.84195995 0.99585706 0.03454708 -0.084114626
1493818432755 -0.086291574 -0.72899985 0.67905307 -0.054491982 -0.6771215 -0.73385084 0.9947785 -0.10032809 0.018705236
1493818432961 0.1976346 -0.98023945 0.008434767 -0.062129203 -0.021112666 -0.9978448 0.9783049 0.19668461 -0.06507409
1493818433169 -0.009899698 -0.65608484 0.75462216 -6.914558E-4 -0.75465447 -0.65612197 0.99995077 -0.0070171985 0.0070171985
1493818433367 0.01891935 -0.91398275 0.4053116 -0.106530994 -0.40491927 -0.9081253 0.9941294 -0.025997108 -0.10502831
1493818433569 0.06195367 -0.80138755 0.59492826 -0.07259708 -0.59811264 -0.79811704 0.99543524 0.006256227 -0.09523368
1493818433764 0.029576937 -0.69344425 0.719903 -0.0039833477 -0.7202942 -0.69365746 0.99955463 0.017648637 -0.024066323
1493818433973 0.07849722 -0.8715352 0.484009 -0.053032577 -0.4884703 -0.87096757 0.99550277 0.042700283 -0.08456331
1493818434165 0.08851797 -0.79424316 0.6011175 0.17364424 -0.5819411 -0.794476 0.98082227 0.17470601 0.08640351
1493818434374 -0.014189438 -0.93161964 0.36315796 -0.1309206 -0.3583368 -0.9243672 0.9912913 -0.060661104 -0.11688359
1493818434568 0.026421923 -0.9492151 0.3135163 -0.012173947 -0.31390804 -0.94937533 0.99957675 0.021267591 -0.019849751
1493818434776 0.15360059 -0.8871499 0.4351691 -0.027147856 -0.44401777 -0.89560676 0.98776007 0.1257518 -0.092285596
1493818434971 -0.06521715 -0.67962474 0.73065513 0.00886943 -0.7325798 -0.68062335 0.9978317 -0.03790782 0.05380465
1493818435179 0.061500933 -0.8723938 0.48491928 -0.041942634 -0.48766866 -0.87202054 0.9972253 0.033291284 -0.06658257
1493818435370 -0.08680862 -0.7282807 0.67975837 -0.114955865 -0.6704534 -0.73299205 0.9895703 -0.14177224 -0.025519004
1493818435569 -0.041902076 -0.8870482 0.4597715 0.01261594 -0.46060872 -0.88751364 0.99904203 -0.031388216 0.030491408
1493818435775 0.26067582 -0.9505271 0.168957 -0.05790029 -0.19008507 -0.98005885 0.9636886 0.24569495 -0.10458637
1493818435974 -0.08859234 -0.62127566 0.77856797 -0.006449025 -0.78126717 -0.6241634 0.996047 -0.06031709 0.06520766
1493818436176 0.038337186 -0.8672382 0.49641544 0.10045515 -0.4909192 -0.86539423 0.9942027 0.083044246 0.06829808
1493818436374 -0.12117995 -0.53114384 0.83857125 0.045074433 -0.8468699 -0.5298865 0.9916066 -0.026413495 0.12656465
1493818436586 0.0054047564 -0.78399396 0.62074494 -0.14322548 -0.6149608 -0.7754416 0.98967534 -0.08471542 -0.11561162
1493818436778 0.11558454 -0.70850897 0.69617176 -0.063141175 -0.70469254 -0.7066975 0.9912887 0.03772621 -0.12618767
1493818436970 0.06463079 -0.67486846 0.7351023 -0.034521643 -0.7377136 -0.67423064 0.99731195 0.018199123 -0.070976585
1493818437174 0.05949682 -0.7761796 0.6276984 0.021102443 -0.6276939 -0.77817416 0.9980054 0.05954486 -0.0209665
1493818437370 -0.043279074 -0.47498196 0.8789307 0.19421098 -0.86697245 -0.45895654 0.98000467 0.15083477 0.12976846
1493818437586 -0.12278358 -0.77658397 0.61793333 -0.16808575 -0.5973767 -0.7841482 0.9780958 -0.2001463 -0.057184655
1493818437773 -0.029910775 -0.8884405 0.45801616 -0.0024330635 -0.4581551 -0.8888689 0.9995496 -0.027701143 0.011542143
1493818437985 -0.05980828 -0.9711731 0.23075093 0.16561928 -0.23761517 -0.95713615 0.9843746 -0.019027859 0.17505631
1493818438178 -0.3881405 -0.88383466 0.2611192 0.2152048 -0.36242077 -0.9068286 0.89612156 -0.2957828 0.33087566
1493818438381 -0.30858287 -0.95083165 -0.026377931 0.34338322 -0.08549464 -0.935296 0.88705385 -0.2976741 0.35288182
1493818438576 -0.49321526 -0.86609447 0.081357494 0.45542285 -0.33676475 -0.8241234 0.74116707 -0.3694182 0.56053674
1493818438780 -0.51383287 -0.8575357 0.024662301 0.5182679 -0.3331968 -0.7876409 0.68364763 -0.3919341 0.61564076
1493818438976 -0.103539206 -0.9836612 -0.14727575 0.61307436 0.053481225 -0.78821284 0.783211 -0.17190194 0.5975201
1493818439205 -0.61259735 -0.78931427 0.04132164 0.41114825 -0.36287534 -0.83622885 0.675042 -0.49528217 0.54682165
1493818439378 -0.41184208 -0.88589954 -0.21346676 0.77838266 -0.22019684 -0.5879063 0.47382128 -0.40828335 0.7802552
1493818439582 -0.032824147 -0.9393532 -0.34137666 0.92549676 0.100383714 -0.3652107 0.37733054 -0.32793075 0.8660734
1493818439796 -0.29547518 -0.87007105 -0.39455134 0.6377554 0.12785389 -0.7595535 0.71131045 -0.47605643 0.5171149
1493818439985 -0.16969626 -0.9851911 -0.02453235 0.2606508 -0.020861587 -0.9652078 0.9504022 -0.17018649 0.26033095
1493818440180 0.08911032 -0.98180753 0.16767046 0.010074027 -0.16744313 -0.9858303 0.9959708 0.08953677 -0.005030155
1493818440386 -0.09060853 -0.8631089 0.49682316 0.007395588 -0.49944463 -0.8663143 0.99585915 -0.07482116 0.05163714
1493818440581 -0.09474574 -0.916836 0.38785955 0.03399337 -0.39236462 -0.91918147 0.99492097 -0.07390387 0.06834122
1493818440784 -0.14760238 -0.8734598 0.46398434 -0.11280608 -0.45119402 -0.88526756 0.9825926 -0.18300788 -0.03193426
1493818441004 -0.1182049 -0.9182607 0.37792176 0.051340487 -0.38573253 -0.921181 0.9916611 -0.089485414 0.09273943
1493818441210 0.013614443 -0.9692708 0.24561876 0.14565842 -0.24109879 -0.9595077 0.9892413 0.0488396 0.13790004
1493818441405 -0.15389584 -0.89050114 0.4281633 0.013608575 -0.43519455 -0.90023345 0.98799324 -0.13271551 0.079093084
1493818441607 0.015956162 -0.9648574 -0.26228923 0.09980174 0.2625495 -0.95974344 0.9948794 -0.010863106 0.10048373
1493818441794 -0.010165976 -0.99915236 0.039890457 0.04460709 -0.040305942 -0.9981911 0.9989528 -0.008368191 0.04497903
1493818442002 -0.034083366 -0.9878041 0.15192601 -0.034779977 -0.15074994 -0.9879601 0.9988137 -0.03895698 -0.029217735
1493818442195 -0.08938855 -0.8621745 0.498663 0.02033041 -0.5021424 -0.86454594 0.99578935 -0.06714249 0.062414147
1493818442401 -0.03044768 -0.66537255 0.7458902 0.15027063 -0.74080193 -0.6546994 0.988176 0.09215132 0.122541666
1493818442593 -0.12398894 -0.4241495 0.89706403 0.01022191 -0.904538 -0.42627048 0.99223095 -0.043683123 0.11648833
1493818442803 -0.1449943 -0.030421639 0.98896474 -0.059848834 -0.99742734 -0.039456528 0.9876207 -0.064909354 0.14280057
1493818442995 -0.1433109 0.050496645 0.98838866 -0.14394422 -0.98914117 0.029663969 0.97915375 -0.13802166 0.1490234
1493818443196 -0.19382662 0.29352373 0.9360956 -0.15608639 -0.95126325 0.2659607 0.96853924 -0.094561525 0.23019522
1493818443400 -0.31463283 0.48807168 0.8141206 -0.2052018 -0.8723715 0.4436893 0.92676765 -0.027459782 0.37462988
1493818443594 -0.2959428 0.27601415 0.91445833 -0.02568762 -0.9592952 0.28123423 0.95486015 0.059738982 0.29098666
1493818443802 -0.12186188 -0.47872925 0.8694643 0.14087294 -0.8754672 -0.46229008 0.98249906 0.066148445 0.17412606
1493818444000 -0.0323753 -0.8613084 0.5070499 0.13566478 -0.5064077 -0.8515552 0.99022573 0.041219465 0.13324432
1493818444207 -0.027177209 -0.99962914 -0.0016869669 0.1792398 -0.0032127905 -0.9838001 0.98342997 -0.027039317 0.17926066
1493818444399 -0.03868237 -0.9314168 -0.36189276 0.17569456 0.3501821 -0.9200564 0.9836844 -0.09917255 0.150099
1493818444604 -0.05453673 -0.80674636 -0.5883757 0.1383847 0.57745945 -0.8046056 0.9888758 -0.12530276 0.080148615
1493818444805 -0.04447775 -0.50412047 -0.86248726 0.22035071 0.83712816 -0.5006615 0.9744061 -0.21231797 0.07384972
1493818444998 0.15886457 -0.23867533 -0.95801675 0.045825653 0.9710764 -0.23432983 0.9862363 -0.0066750343 0.16520709
1493818445209 0.21374509 -0.046743836 -0.9757705 0.20870008 0.977979 -0.0011333339 0.95433605 -0.20340113 0.21879365
1493818445396 0.17473921 0.124206394 -0.9767491 0.23284772 0.95866 0.1635623 0.95668596 -0.2560146 0.13859434
1493818445608 0.15918423 0.20373139 -0.9659989 -0.025708087 0.9789992 0.20223682 0.98691416 -0.007358929 0.16107878
1493818445810 0.026731677 -0.03638414 -0.9989802 0.16236436 0.9862254 -0.03157489 0.98636866 -0.16135475 0.032270953
1493818446010 0.117307924 0.13511659 -0.98386097 0.10303341 0.98369896 0.14737925 0.98773634 -0.118659295 0.10147415
1493818446215 0.21627268 0.42117083 -0.8808185 -0.009983651 0.903077 0.42936257 0.97628194 -0.08406561 0.19951572
1493818446423 0.040514663 0.21328402 -0.9761498 0.12142539 0.9686601 0.21668726 0.99177337 -0.12730838 0.013346847
1493818446615 0.073279984 0.27807274 -0.9577607 0.019393507 0.95976377 0.28013813 0.9971228 -0.03910286 0.06493867
1493818446810 -0.018243495 -0.03208159 -0.9993188 0.12156119 0.9919993 -0.03406582 0.9924163 -0.122099854 -0.014197657
1493818447017 0.007671702 0.07186734 -0.99738467 0.09366281 0.9929775 0.072270215 0.9955745 -0.093972296 8.865311E-4
1493818447212 0.21009165 0.54921496 -0.80884147 -0.12879053 0.8356428 0.53396094 0.9691618 -0.008009601 0.24629524
1493818447405 -0.016844707 -0.009336331 -0.9998145 0.05502233 0.9984325 -0.010250432 0.99834305 -0.055184793 -0.0163046
1493818447614 0.068766676 0.13187163 -0.9888787 -0.072868355 0.9892415 0.12685274 0.994968 0.06333472 0.07763611
1493818447805 -0.13721943 -0.28771332 -0.9478354 0.08895298 0.94944143 -0.30107868 0.9865385 -0.12562662 -0.10468886
1493818448015 0.026517436 0.053091377 -0.9982376 0.07801956 0.99543285 0.055014733 0.9965991 -0.0793409 0.022254154
1493818448211 0.050897833 0.24311781 -0.9686606 -0.11749132 0.96464014 0.23593521 0.9917687 0.1018006 0.07766231
1493818448417 -0.08870579 -0.09432815 -0.99158126 0.18655212 0.97631645 -0.109564774 0.97843224 -0.19470063 -0.06900782
1493818448609 -0.028146856 0.17787896 -0.98364973 0.002766098 0.9840497 0.17787212 0.99959993 0.0022856707 -0.028189939
1493818448818 -0.061491415 0.046533674 -0.9970222 -0.060376007 0.9969098 0.050252125 0.9962798 0.063286304 -0.058491886
1493818449011 -0.038657986 0.09580862 -0.99464875 0.06268943 0.99366456 0.093277335 0.9972841 -0.05874806 -0.044419263
1493818449211 0.010140997 0.14928502 -0.9887421 0.057896476 0.9870466 0.14962283 0.9982711 -0.05876202 0.0013665587
1493818449415 0.19076055 0.36573434 -0.91096044 0.15270485 0.9056483 0.3955789 0.9696864 -0.2145689 0.116912544
1493818449614 0.02422978 0.22091687 -0.9749916 0.09841197 0.9700138 0.22223465 0.99485075 -0.10133555 0.0017623574
1493818449817 -0.06270478 0.100578815 -0.99295115 -0.09042849 0.99024415 0.10601517 0.993927 0.09643873 -0.052997854
1493818450018 0.32404938 0.27870575 -0.9040548 0.14866962 0.9287438 0.3396061 0.93428546 -0.24445462 0.25952375
1493818450219 0.36645776 -0.021888748 -0.93017715 0.008023223 0.9997604 -0.020365292 0.9304001 0.0 0.36654556
1493818450413 0.32167464 -0.22632167 -0.91940415 0.2733881 0.95185745 -0.13865933 0.9065232 -0.20675091 0.36806208
1493818450615 0.43348756 -0.035146274 -0.9004739 0.26582795 0.95976216 0.09050905 0.8610598 -0.27860567 0.42538783
1493818450818 0.24031383 -0.15712236 -0.95789456 0.027873058 0.98752296 -0.15498956 0.970295 0.010546685 0.24169487
1493818451014 0.20619155 0.033289477 -0.97794527 0.17640415 0.9817818 0.070613414 0.9624795 -0.18707347 0.19656269
1493818451224 0.18817207 0.0133448215 -0.98204535 0.12074021 0.9920085 0.036615532 0.9746861 -0.1254624 0.18505706
1493818451422 0.17814739 0.04072471 -0.9831607 0.07982969 0.9952516 0.05569057 0.9807603 -0.088406555 0.17405042
1493818451622 0.26768664 0.255789 -0.92893267 0.17537531 0.9350767 0.30801797 0.9474108 -0.24536416 0.20544845
1493818451818 0.15653723 -0.13761617 -0.97803783 0.005158743 0.99034595 -0.13852234 0.9876586 0.016638454 0.15573592
1493818452020 0.1849899 -0.22898817 -0.95568985 0.24608034 0.9522866 -0.18053974 0.95143217 -0.20177846 0.23251292
1493818452243 0.15493177 -0.21705927 -0.96378493 0.1269824 0.97184783 -0.19846228 0.97973037 -0.09163562 0.1781328
1493818452436 0.34937686 0.03680852 -0.936259 -0.056212373 0.9982517 0.018269373 0.9352946 0.046246447 0.3508351
1493818452620 0.12309504 -0.18994842 -0.9740469 0.20438692 0.965322 -0.16241762 0.97111976 -0.17908962 0.15764932
1493818452842 0.34544045 0.06281097 -0.93633634 -0.07208812 0.99658555 0.04025728 0.9356678 0.05359224 0.34878883
1493818453029 0.32245243 -0.12846008 -0.9378286 0.09470537 0.9901559 -0.10306522 0.9418362 -0.05558377 0.331444
1493818453243 0.3254296 -0.15574254 -0.93265206 0.27120715 0.96027446 -0.06572308 0.90583783 -0.23155366 0.3547402
1493818453435 0.32484376 -0.011704368 -0.9456953 -0.08896853 0.9951112 -0.04287641 0.9415738 0.09806525 0.32221437
1493818453642 0.16784398 0.006774348 -0.98579025 0.07871491 0.9966914 0.020251527 0.98266596 -0.08099549 0.16675542
1493818453838 0.26680353 0.12716417 -0.9553246 -0.046219885 0.9918045 0.11911173 0.962642 0.012375563 0.27049446
1493818454033 0.31113467 -0.16863392 -0.93528485 -0.045192275 0.98039275 -0.19180077 0.9492907 0.10194352 0.29741323
1493818454241 0.20670587 -0.44567487 -0.87100315 0.29514164 0.8771626 -0.3787837 0.93282586 -0.17877252 0.3128519
1493818454437 0.49311462 -0.11281144 -0.862619 0.041757822 0.99348307 -0.10605478 0.8689616 0.016276075 0.49461183
1493818454642 0.33357692 -0.11926995 -0.9351477 0.3279005 0.9447058 -0.0035234839 0.8838596 -0.30546 0.3542407
1493818454835 0.30517575 -0.09383493 -0.9476617 0.087505594 0.99368644 -0.07021272 0.94826704 -0.061498486 0.31146008
1493818455044 0.30683982 -0.03140269 -0.9512429 0.025704537 0.9993644 -0.024699843 0.951414 -0.016872365 0.307452
1493818455236 0.26550937 -0.25483412 -0.92981946 0.24170972 0.9512279 -0.19168141 0.93331724 -0.17385322 0.31415582
1493818455433 0.13557868 -0.44930705 -0.8830298 0.13218278 0.8914945 -0.43331903 0.98190945 -0.057972513 0.18025829
1493818455638 0.07892622 -0.45841333 -0.88522756 0.2605457 0.86661774 -0.42554623 0.96223 -0.19705547 0.18783651
