A=[    -1    -2    -4    -2    -3    -4;
       -2    -4    -4    -3    -4    -5;
       -1    -1    -1    -5    -5    -3;
       -2    -3    -5   100    -0    -0;
       -3    -4    -5    -0   100    -0;
       -4    -5    -3    -0    -0   100];

b = [3.9000;
     4.2000;
     4.3000;
     -9.0000;
     -9.0000;
     -9.0000];

A \ b

